 0.00000E+00   1.00000E+02   5.00000E+00   0.00000E+00   0.00000E+00   0.00000E+00  
 2.00000E-01   9.04762E+01   3.52381E+00   0.00000E+00   1.00000E+01   1.00000E+00  
 4.00000E-01   8.43450E+01   1.90260E+00   0.00000E+00   1.70476E+01   1.70476E+00  
 6.00000E-01   8.12379E+01   8.23990E-01   0.00000E+00   2.08528E+01   2.08528E+00  
 8.00000E-01   7.99370E+01   3.12080E-01   0.00000E+00   2.25008E+01   2.25008E+00  
 1.00000E+00   7.94515E+01   1.11086E-01   0.00000E+00   2.31250E+01   2.31250E+00  
 1.20000E+00   7.92796E+01   3.85958E-02   0.00000E+00   2.33471E+01   2.33471E+00  
 1.40000E+00   7.92200E+01   1.32935E-02   0.00000E+00   2.34243E+01   2.34243E+00  
 1.60000E+00   7.91994E+01   4.56475E-03   0.00000E+00   2.34509E+01   2.34509E+00  
 1.80000E+00   7.91924E+01   1.56582E-03   0.00000E+00   2.34600E+01   2.34600E+00  
 2.00000E+00   7.91900E+01   5.36917E-04   0.00000E+00   2.34632E+01   2.34632E+00  
 2.20000E+00   7.91891E+01   1.84086E-04   0.00000E+00   2.34642E+01   2.34642E+00  
 2.40000E+00   7.91889E+01   6.31124E-05   0.00000E+00   2.34646E+01   2.34646E+00  
 2.60000E+00   7.91888E+01   2.16373E-05   0.00000E+00   2.34647E+01   2.34647E+00  
 2.80000E+00   7.91887E+01   7.41805E-06   0.00000E+00   2.34648E+01   2.34648E+00  
 3.00000E+00   7.91887E+01   2.54317E-06   0.00000E+00   2.34648E+01   2.34648E+00  
 3.20000E+00   7.91887E+01   8.71887E-07   0.00000E+00   2.34648E+01   2.34648E+00  
 3.40000E+00   7.91887E+01   2.98913E-07   0.00000E+00   2.34648E+01   2.34648E+00  
 3.60000E+00   7.91887E+01   1.02478E-07   0.00000E+00   2.34648E+01   2.34648E+00  
 3.80000E+00   7.91887E+01   3.51330E-08   0.00000E+00   2.34648E+01   2.34648E+00  
 4.00000E+00   7.91887E+01   1.20448E-08   0.00000E+00   2.34648E+01   2.34648E+00  
 4.20000E+00   7.91887E+01   4.12938E-09   0.00000E+00   2.34648E+01   2.34648E+00  
 4.40000E+00   7.91887E+01   1.41570E-09   0.00000E+00   2.34648E+01   2.34648E+00  
 4.60000E+00   7.91887E+01   4.85350E-10   0.00000E+00   2.34648E+01   2.34648E+00  
 4.80000E+00   7.91887E+01   1.66395E-10   0.00000E+00   2.34648E+01   2.34648E+00  
 5.00000E+00   7.91887E+01   5.70460E-11   0.00000E+00   2.34648E+01   2.34648E+00  
 5.20000E+00   7.91887E+01   1.95573E-11   0.00000E+00   2.34648E+01   2.34648E+00  
 5.40000E+00   7.91887E+01   6.70494E-12   0.00000E+00   2.34648E+01   2.34648E+00  
 5.60000E+00   7.91887E+01   2.29869E-12   0.00000E+00   2.34648E+01   2.34648E+00  
 5.80000E+00   7.91887E+01   7.88070E-13   0.00000E+00   2.34648E+01   2.34648E+00  
 6.00000E+00   7.91887E+01   2.70178E-13   0.00000E+00   2.34648E+01   2.34648E+00  
 6.20000E+00   7.91887E+01   9.26264E-14   0.00000E+00   2.34648E+01   2.34648E+00  
 6.40000E+00   7.91887E+01   3.17555E-14   0.00000E+00   2.34648E+01   2.34648E+00  
 6.60000E+00   7.91887E+01   1.08869E-14   0.00000E+00   2.34648E+01   2.34648E+00  
 6.80000E+00   7.91887E+01   3.73241E-15   0.00000E+00   2.34648E+01   2.34648E+00  
 7.00000E+00   7.91887E+01   1.27960E-15   0.00000E+00   2.34648E+01   2.34648E+00  
 7.20000E+00   7.91887E+01   4.38692E-16   0.00000E+00   2.34648E+01   2.34648E+00  
 7.40000E+00   7.91887E+01   1.50399E-16   0.00000E+00   2.34648E+01   2.34648E+00  
 7.60000E+00   7.91887E+01   5.15620E-17   0.00000E+00   2.34648E+01   2.34648E+00  
 7.80000E+00   7.91887E+01   1.76772E-17   0.00000E+00   2.34648E+01   2.34648E+00  
 8.00000E+00   7.91887E+01   6.06037E-18   0.00000E+00   2.34648E+01   2.34648E+00  
 8.20000E+00   7.91887E+01   2.07771E-18   0.00000E+00   2.34648E+01   2.34648E+00  
 8.40000E+00   7.91887E+01   7.12310E-19   0.00000E+00   2.34648E+01   2.34648E+00  
 8.60000E+00   7.91887E+01   2.44205E-19   0.00000E+00   2.34648E+01   2.34648E+00  
 8.80000E+00   7.91887E+01   8.37219E-20   0.00000E+00   2.34648E+01   2.34648E+00  
 9.00000E+00   7.91887E+01   2.87028E-20   0.00000E+00   2.34648E+01   2.34648E+00  
 9.20000E+00   7.91887E+01   9.84032E-21   0.00000E+00   2.34648E+01   2.34648E+00  
 9.40000E+00   7.91887E+01   3.37360E-21   0.00000E+00   2.34648E+01   2.34648E+00  
 9.60000E+00   7.91887E+01   1.15659E-21   0.00000E+00   2.34648E+01   2.34648E+00  
 9.80000E+00   7.91887E+01   3.96519E-22   0.00000E+00   2.34648E+01   2.34648E+00  
 1.00000E+01   7.91887E+01   1.35941E-22   0.00000E+00   2.34648E+01   2.34648E+00  
 1.02000E+01   7.91887E+01   4.66052E-23   0.00000E+00   2.34648E+01   2.34648E+00  
 1.04000E+01   7.91887E+01   1.59779E-23   0.00000E+00   2.34648E+01   2.34648E+00  
 1.06000E+01   7.91887E+01   5.47777E-24   0.00000E+00   2.34648E+01   2.34648E+00  
 1.08000E+01   7.91887E+01   1.87797E-24   0.00000E+00   2.34648E+01   2.34648E+00  
 1.10000E+01   7.91887E+01   6.43834E-25   0.00000E+00   2.34648E+01   2.34648E+00  
 1.12000E+01   7.91887E+01   2.20729E-25   0.00000E+00   2.34648E+01   2.34648E+00  
 1.14000E+01   7.91887E+01   7.56735E-26   0.00000E+00   2.34648E+01   2.34648E+00  
 1.16000E+01   7.91887E+01   2.59435E-26   0.00000E+00   2.34648E+01   2.34648E+00  
 1.18000E+01   7.91887E+01   8.89434E-27   0.00000E+00   2.34648E+01   2.34648E+00  
 1.20000E+01   7.91887E+01   3.04929E-27   0.00000E+00   2.34648E+01   2.34648E+00  
 1.22000E+01   7.91887E+01   1.04540E-27   0.00000E+00   2.34648E+01   2.34648E+00  
 1.24000E+01   7.91887E+01   3.58400E-28   0.00000E+00   2.34648E+01   2.34648E+00  
 1.26000E+01   7.91887E+01   1.22872E-28   0.00000E+00   2.34648E+01   2.34648E+00  
 1.28000E+01   7.91887E+01   4.21248E-29   0.00000E+00   2.34648E+01   2.34648E+00  
 1.30000E+01   7.91887E+01   1.44419E-29   0.00000E+00   2.34648E+01   2.34648E+00  
 1.32000E+01   7.91887E+01   4.95117E-30   0.00000E+00   2.34648E+01   2.34648E+00  
 1.34000E+01   7.91887E+01   1.69744E-30   0.00000E+00   2.34648E+01   2.34648E+00  
 1.36000E+01   7.91887E+01   5.81940E-31   0.00000E+00   2.34648E+01   2.34648E+00  
 1.38000E+01   7.91887E+01   1.99509E-31   0.00000E+00   2.34648E+01   2.34648E+00  
 1.40000E+01   7.91887E+01   6.83987E-32   0.00000E+00   2.34648E+01   2.34648E+00  
 1.42000E+01   7.91887E+01   2.34495E-32   0.00000E+00   2.34648E+01   2.34648E+00  
 1.44000E+01   7.91887E+01   8.03930E-33   0.00000E+00   2.34648E+01   2.34648E+00  
 1.46000E+01   7.91887E+01   2.75615E-33   0.00000E+00   2.34648E+01   2.34648E+00  
 1.48000E+01   7.91887E+01   9.44904E-34   0.00000E+00   2.34648E+01   2.34648E+00  
 1.50000E+01   7.91887E+01   3.23946E-34   0.00000E+00   2.34648E+01   2.34648E+00  
 1.52000E+01   7.91887E+01   1.11060E-34   0.00000E+00   2.34648E+01   2.34648E+00  
 1.54000E+01   7.91887E+01   3.80752E-35   0.00000E+00   2.34648E+01   2.34648E+00  
 1.56000E+01   7.91887E+01   1.30535E-35   0.00000E+00   2.34648E+01   2.34648E+00  
 1.58000E+01   7.91887E+01   4.47520E-36   0.00000E+00   2.34648E+01   2.34648E+00  
 1.60000E+01   7.91887E+01   1.53426E-36   0.00000E+00   2.34648E+01   2.34648E+00  
 1.62000E+01   7.91887E+01   5.25996E-37   0.00000E+00   2.34648E+01   2.34648E+00  
 1.64000E+01   7.91887E+01   1.80330E-37   0.00000E+00   2.34648E+01   2.34648E+00  
 1.66000E+01   7.91887E+01   6.18233E-38   0.00000E+00   2.34648E+01   2.34648E+00  
 1.68000E+01   7.91887E+01   2.11952E-38   0.00000E+00   2.34648E+01   2.34648E+00  
 1.70000E+01   7.91887E+01   7.26645E-39   0.00000E+00   2.34648E+01   2.34648E+00  
 1.72000E+01   7.91887E+01   2.49119E-39   0.00000E+00   2.34648E+01   2.34648E+00  
 1.74000E+01   7.91887E+01   8.54068E-40   0.00000E+00   2.34648E+01   2.34648E+00  
 1.76000E+01   7.91887E+01   2.92804E-40   0.00000E+00   2.34648E+01   2.34648E+00  
 1.78000E+01   7.91887E+01   1.00383E-40   0.00000E+00   2.34648E+01   2.34648E+00  
 1.80000E+01   7.91887E+01   3.44145E-41   0.00000E+00   2.34648E+01   2.34648E+00  
 1.82000E+01   7.91887E+01   1.17989E-41   0.00000E+00   2.34648E+01   2.34648E+00  
 1.84000E+01   7.91887E+01   4.04555E-42   0.00000E+00   2.34648E+01   2.34648E+00  
 1.86000E+01   7.91887E+01   1.38729E-42   0.00000E+00   2.34648E+01   2.34648E+00  
 1.88000E+01   7.91887E+01   4.75040E-43   0.00000E+00   2.34648E+01   2.34648E+00  
 1.90000E+01   7.91887E+01   1.62551E-43   0.00000E+00   2.34648E+01   2.34648E+00  
 1.92000E+01   7.91887E+01   5.60519E-44   0.00000E+00   2.34648E+01   2.34648E+00  
 1.94000E+01   7.91887E+01   1.96182E-44   0.00000E+00   2.34648E+01   2.34648E+00  
 1.96000E+01   7.91887E+01   7.00649E-45   0.00000E+00   2.34648E+01   2.34648E+00  
 1.98000E+01   7.91887E+01   2.80260E-45   0.00000E+00   2.34648E+01   2.34648E+00  
 2.00000E+01   7.91887E+01   1.40130E-45   0.00000E+00   2.34648E+01   2.34648E+00  
 2.02000E+01   7.91887E+01   0.00000E+00   0.00000E+00   2.34648E+01   2.34648E+00  
 2.04000E+01   7.91887E+01   0.00000E+00   0.00000E+00   2.34648E+01   2.34648E+00  
 2.06000E+01   7.91887E+01   0.00000E+00   0.00000E+00   2.34648E+01   2.34648E+00  
 2.08000E+01   7.91887E+01   0.00000E+00   0.00000E+00   2.34648E+01   2.34648E+00  
 2.10000E+01   7.91887E+01   0.00000E+00   0.00000E+00   2.34648E+01   2.34648E+00  
 2.12000E+01   7.91887E+01   0.00000E+00   0.00000E+00   2.34648E+01   2.34648E+00  
 2.14000E+01   7.91887E+01   0.00000E+00   0.00000E+00   2.34648E+01   2.34648E+00  
 2.16000E+01   7.91887E+01   0.00000E+00   0.00000E+00   2.34648E+01   2.34648E+00  
 2.18000E+01   7.91887E+01   0.00000E+00   0.00000E+00   2.34648E+01   2.34648E+00  
 2.20000E+01   7.91887E+01   0.00000E+00   0.00000E+00   2.34648E+01   2.34648E+00  
 2.22000E+01   7.91887E+01   0.00000E+00   0.00000E+00   2.34648E+01   2.34648E+00  
 2.24000E+01   7.91887E+01   0.00000E+00   0.00000E+00   2.34648E+01   2.34648E+00  
 2.26000E+01   7.91887E+01   0.00000E+00   0.00000E+00   2.34648E+01   2.34648E+00  
 2.28000E+01   7.91887E+01   0.00000E+00   0.00000E+00   2.34648E+01   2.34648E+00  
 2.30000E+01   7.91887E+01   0.00000E+00   0.00000E+00   2.34648E+01   2.34648E+00  
 2.32000E+01   7.91887E+01   0.00000E+00   0.00000E+00   2.34648E+01   2.34648E+00  
 2.34000E+01   7.91887E+01   0.00000E+00   0.00000E+00   2.34648E+01   2.34648E+00  
 2.36000E+01   7.91887E+01   0.00000E+00   0.00000E+00   2.34648E+01   2.34648E+00  
 2.38000E+01   7.91887E+01   0.00000E+00   0.00000E+00   2.34648E+01   2.34648E+00  
 2.40000E+01   7.91887E+01   0.00000E+00   0.00000E+00   2.34648E+01   2.34648E+00  
 2.42000E+01   7.91887E+01   0.00000E+00   0.00000E+00   2.34648E+01   2.34648E+00  
 2.44000E+01   7.91887E+01   0.00000E+00   0.00000E+00   2.34648E+01   2.34648E+00  
 2.46000E+01   7.91887E+01   0.00000E+00   0.00000E+00   2.34648E+01   2.34648E+00  
 2.48000E+01   7.91887E+01   0.00000E+00   0.00000E+00   2.34648E+01   2.34648E+00  
 2.50000E+01   7.91887E+01   0.00000E+00   0.00000E+00   2.34648E+01   2.34648E+00  
 2.52000E+01   7.91887E+01   0.00000E+00   0.00000E+00   2.34648E+01   2.34648E+00  
 2.54000E+01   7.91887E+01   0.00000E+00   0.00000E+00   2.34648E+01   2.34648E+00  
 2.56000E+01   7.91887E+01   0.00000E+00   0.00000E+00   2.34648E+01   2.34648E+00  
 2.58000E+01   7.91887E+01   0.00000E+00   0.00000E+00   2.34648E+01   2.34648E+00  
 2.60000E+01   7.91887E+01   0.00000E+00   0.00000E+00   2.34648E+01   2.34648E+00  
 2.62000E+01   7.91887E+01   0.00000E+00   0.00000E+00   2.34648E+01   2.34648E+00  
 2.64000E+01   7.91887E+01   0.00000E+00   0.00000E+00   2.34648E+01   2.34648E+00  
 2.66000E+01   7.91887E+01   0.00000E+00   0.00000E+00   2.34648E+01   2.34648E+00  
 2.68000E+01   7.91887E+01   0.00000E+00   0.00000E+00   2.34648E+01   2.34648E+00  
 2.70000E+01   7.91887E+01   0.00000E+00   0.00000E+00   2.34648E+01   2.34648E+00  
 2.72000E+01   7.91887E+01   0.00000E+00   0.00000E+00   2.34648E+01   2.34648E+00  
 2.74000E+01   7.91887E+01   0.00000E+00   0.00000E+00   2.34648E+01   2.34648E+00  
 2.76000E+01   7.91887E+01   0.00000E+00   0.00000E+00   2.34648E+01   2.34648E+00  
 2.78000E+01   7.91887E+01   0.00000E+00   0.00000E+00   2.34648E+01   2.34648E+00  
 2.80000E+01   7.91887E+01   0.00000E+00   0.00000E+00   2.34648E+01   2.34648E+00  
 2.82000E+01   7.91887E+01   0.00000E+00   0.00000E+00   2.34648E+01   2.34648E+00  
 2.84000E+01   7.91887E+01   0.00000E+00   0.00000E+00   2.34648E+01   2.34648E+00  
 2.86000E+01   7.91887E+01   0.00000E+00   0.00000E+00   2.34648E+01   2.34648E+00  
 2.88000E+01   7.91887E+01   0.00000E+00   0.00000E+00   2.34648E+01   2.34648E+00  
 2.90000E+01   7.91887E+01   0.00000E+00   0.00000E+00   2.34648E+01   2.34648E+00  
 2.92000E+01   7.91887E+01   0.00000E+00   0.00000E+00   2.34648E+01   2.34648E+00  
 2.94000E+01   7.91887E+01   0.00000E+00   0.00000E+00   2.34648E+01   2.34648E+00  
 2.96000E+01   7.91887E+01   0.00000E+00   0.00000E+00   2.34648E+01   2.34648E+00  
 2.98000E+01   7.91887E+01   0.00000E+00   0.00000E+00   2.34648E+01   2.34648E+00  
 3.00000E+01   7.91887E+01   0.00000E+00   0.00000E+00   2.34648E+01   2.34648E+00 