0.38834142051554549 118 0.24668299999999999
0.38834142051554460 34  7.3411000000000004E-002
0.38834142051554443 12 2.7123000000000008E-002
0.38834142051554443 8 6.3975999999999977E-002
0.38834142051554443 7 0.10247899999999999
0.38834142051554443 6 9.1805999999999999E-002
0.38834142051554443 6 8.3217000000000041E-002
0.38834142051554443 6 9.1496000000000022E-002
0.38834142051554443 6 9.2960999999999960E-002
0.38834142051554443 6 9.1832000000000025E-002
0.38834142051554443 6 9.5321999999999962E-002
0.38834142051554443 6 9.1774000000000022E-002
0.38834142051554443 7 0.10495300000000002
0.38834142051554443 7 9.9953999999999987E-002
0.38834142051554443 10 2.5225000000000053E-002
0.38834142051554443 20 4.5837999999999934E-002  
FOR HEUN 

0.38868271835313645 119 0.24495400000000001
0.38868271835313523 34 7.5593999999999939E-002
0.38868271835313506 12 2.8931000000000040E-002
0.38868271835313506 8 4.4196000000000013E-002
0.38868271835313506 7 0.10333400000000001
0.38868271835313506 6 9.4490000000000018E-002
0.38868271835313506 6 9.0837000000000001E-002
0.38868271835313506 6 9.0600000000000014E-002
0.38868271835313506 6 9.0409999999999990E-002
0.38868271835313506 6 9.0341000000000005E-002
0.38868271835313506 6 9.0729999999999977E-002
0.38868271835313506 6 9.0531999999999974E-002
0.38868271835313506 7 7.4362999999999957E-002
0.38868271835313506 7 0.10018999999999999
0.38868271835313506 10 2.5204000000000004E-002
0.38868271835313506 14 3.2793999999999990E-002
For FE 

0.38800016577706886 116 0.87014700000000023
0.38800016577706803 34 0.26117900000000027
0.38800016577706781 12 9.7177999999999987E-002
0.38800016577706781 8 6.6331000000000029E-002
0.38800016577706781 7 5.9345000000000092E-002
0.38800016577706781 6 5.3756000000000026E-002
0.38800016577706781 6 5.4481999999999919E-002
0.38800016577706781 6 5.1915000000000044E-002
0.38800016577706781 6 5.2281999999999940E-002
0.38800016577706781 6 5.2015999999999951E-002
0.38800016577706781 6 5.1875000000000004E-002
0.38800016577706781 6 5.2441999999999989E-002
0.38800016577706781 7 5.9177999999999953E-002
0.38800016577706781 6 5.4215999999999931E-002
0.38800016577706781 10 8.1559999999999966E-002
0.38800016577706781 16 0.12619000000000002